[gd_scene load_steps=4 format=2]

[ext_resource path="res://Maps/Brown/BrownMaterial.tres" type="Material" id=1]



[sub_resource type="BoxShape" id=1]

[sub_resource type="CubeMesh" id=2]

[node name="BrownMap" type="Spatial"]

[node name="StaticBody" type="StaticBody" parent="."]
transform = Transform( 0.886669, 0, 0.462406, 0, 1, 0, -0.462406, 0, 0.886669, -1.43868, 0, -0.275784 )

[node name="CollisionShape" type="CollisionShape" parent="StaticBody"]
transform = Transform( 2, 0, 0, 0, 0.1, 0, 0, 0, 2, 0, 0, 0 )
shape = SubResource( 1 )

[node name="MeshInstance" type="MeshInstance" parent="StaticBody"]
transform = Transform( 2, 0, 0, 0, 0.1, 0, 0, 0, 2, 0, 0, 0 )
mesh = SubResource( 2 )
material/0 = ExtResource( 1 )

[node name="StaticBody6" type="StaticBody" parent="."]
transform = Transform( 0.886669, 0, 0.462406, 0, 1, 0, -0.462406, 0, 0.886669, 5.55681, 0, -6.7797 )

[node name="CollisionShape" type="CollisionShape" parent="StaticBody6"]
transform = Transform( 2, 0, 0, 0, 0.1, 0, 0, 0, 2, 0, 0, 0 )
shape = SubResource( 1 )

[node name="MeshInstance" type="MeshInstance" parent="StaticBody6"]
transform = Transform( 2, 0, 0, 0, 0.1, 0, 0, 0, 2, 0, 0, 0 )
mesh = SubResource( 2 )
material/0 = ExtResource( 1 )

[node name="StaticBody2" type="StaticBody" parent="."]
transform = Transform( 1, 0, 0, 0, 1, 0, 0, 0, 1, 2.65304, 0, 0.931571 )

[node name="CollisionShape" type="CollisionShape" parent="StaticBody2"]
transform = Transform( 2, 0, 0, 0, 0.1, 0, 0, 0, 2, 0, 0, 0 )
shape = SubResource( 1 )

[node name="MeshInstance" type="MeshInstance" parent="StaticBody2"]
transform = Transform( 2, 0, 0, 0, 0.1, 0, 0, 0, 2, 0, 0, 0 )
mesh = SubResource( 2 )
material/0 = ExtResource( 1 )

[node name="StaticBody5" type="StaticBody" parent="."]
transform = Transform( 1, 0, 0, 0, 1, 0, 0, 0, 1, 2.65304, 0, -13.8961 )

[node name="CollisionShape" type="CollisionShape" parent="StaticBody5"]
transform = Transform( 2, 0, 0, 0, 0.1, 0, 0, 0, 2, 0, 0, 0 )
shape = SubResource( 1 )

[node name="MeshInstance" type="MeshInstance" parent="StaticBody5"]
transform = Transform( 2, 0, 0, 0, 0.1, 0, 0, 0, 2, 5.07655, 0, 3.52969 )
mesh = SubResource( 2 )
material/0 = ExtResource( 1 )

[node name="StaticBody3" type="StaticBody" parent="."]
transform = Transform( 0.707107, 0, 0.707107, 0, 1, 0, -0.707107, 0, 0.707107, 5.61132, 0, -2.02078 )

[node name="CollisionShape" type="CollisionShape" parent="StaticBody3"]
transform = Transform( 2, 0, 0, 0, 0.1, 0, 0, 0, 2, 0, 0, 0 )
shape = SubResource( 1 )

[node name="MeshInstance" type="MeshInstance" parent="StaticBody3"]
transform = Transform( 2, 0, 0, 0, 0.1, 0, 0, 0, 2, 0, 0, 0 )
mesh = SubResource( 2 )
material/0 = ExtResource( 1 )

[node name="StaticBody4" type="StaticBody" parent="."]
transform = Transform( 0.707107, 0, 0.707107, 0, 1, 0, -0.707107, 0, 0.707107, -3.19517, 0, -4.11018 )

[node name="CollisionShape" type="CollisionShape" parent="StaticBody4"]
transform = Transform( 2, 0, 0, 0, 0.1, 0, 0, 0, 2, 0, 0, 0 )
shape = SubResource( 1 )

[node name="MeshInstance" type="MeshInstance" parent="StaticBody4"]
transform = Transform( 2, 0, 0, 0, 0.1, 0, 0, 0, 2, 0, 0, 0 )
mesh = SubResource( 2 )
material/0 = ExtResource( 1 )
